image_width: 640
image_height: 480
camera_name: depth_PS1080_PrimeSense
camera_matrix:
  rows: 3
  cols: 3
  data: [569.381023823191, 0, 314.661135757511, 0, 567.601264049945, 251.390367762885, 0, 0, 1]
distortion_model: plumb_bob
distortion_coefficients:
  rows: 1
  cols: 5
  data: [-0.0216464248731883, 0.00879955180003497, 0.00144879263569446, -0.00263605947527816, 0]
rectification_matrix:
  rows: 3
  cols: 3
  data: [1, 0, 0, 0, 1, 0, 0, 0, 1]
projection_matrix:
  rows: 3
  cols: 4
  data: [565.030578613281, 0, 312.651740290519, 0, 0, 564.470092773438, 251.400730431789, 0, 0, 0, 1, 0]